lastAccountName: Jelvilo
timestamps:
  login: 1587680749179
  logout: 1587678448126
ipAddress: 127.0.0.1
lastlocation:
  world: world
  x: -25.5
  y: 71.0
  z: 153.5
  yaw: 4.825158
  pitch: 0.0
logoutlocation:
  world: world
  x: -35.48478437594518
  y: 73.5625
  z: 173.73052953778372
  yaw: 6.5998554
  pitch: 46.199802
