lastAccountName: VelFan
timestamps:
  login: 1587681705300
  logout: 1587681826080
  lastteleport: 1587584151861
ipAddress: 127.0.0.1
logoutlocation:
  world: world
  x: -37.700000025331974
  y: 71.0000002
  z: 173.29999997466803
  yaw: -57.300392
  pitch: -14.399999
lastlocation:
  world: world
  x: -35.73736777326119
  y: 73.5625
  z: 173.77644584471116
  yaw: 328.65005
  pitch: 64.35024
